{"schema":"metric.visual.v1","provenance":{"writer":"engine_redif_metric_dynamics_visual_export","native_export":true,"synthetic":false,"synthetic_js":false,"computed_by":"METRIC C++ redif_remove_noise/redif_add_noise"},"datasets":[{"id":"redif-dynamics","title":"Redif Metric Dynamics","description":"Native Redif measure paths over a finite metric space","source":"METRIC C++ example","license":"CC0-1.0"}],"records":[{"id":"atom-0","dataset_id":"redif-dynamics","record_type":"scalar_atom","label":"atom-0","payload":{"kind":"vector","values":[0]},"metadata":{}},{"id":"atom-1","dataset_id":"redif-dynamics","record_type":"scalar_atom","label":"atom-1","payload":{"kind":"vector","values":[1]},"metadata":{}},{"id":"atom-2","dataset_id":"redif-dynamics","record_type":"scalar_atom","label":"atom-2","payload":{"kind":"vector","values":[2]},"metadata":{}},{"id":"atom-3","dataset_id":"redif-dynamics","record_type":"scalar_atom","label":"atom-3","payload":{"kind":"vector","values":[6]},"metadata":{}},{"id":"atom-4","dataset_id":"redif-dynamics","record_type":"scalar_atom","label":"atom-4","payload":{"kind":"vector","values":[10]},"metadata":{}},{"id":"atom-5","dataset_id":"redif-dynamics","record_type":"scalar_atom","label":"atom-5","payload":{"kind":"vector","values":[11]},"metadata":{}},{"id":"atom-6","dataset_id":"redif-dynamics","record_type":"scalar_atom","label":"atom-6","payload":{"kind":"vector","values":[12]},"metadata":{}}],"relations":[{"id":"redif-source-metric","dataset_id":"redif-dynamics","name":"absolute source metric","relation_type":"metric","value_type":"scalar","record_ids":["atom-0","atom-1","atom-2","atom-3","atom-4","atom-5","atom-6"],"storage":"sparse_edge_list","values":[{"row_id":"atom-0","column_id":"atom-1","value":1},{"row_id":"atom-0","column_id":"atom-2","value":2},{"row_id":"atom-0","column_id":"atom-3","value":6},{"row_id":"atom-0","column_id":"atom-4","value":10},{"row_id":"atom-0","column_id":"atom-5","value":11},{"row_id":"atom-0","column_id":"atom-6","value":12},{"row_id":"atom-1","column_id":"atom-2","value":1},{"row_id":"atom-1","column_id":"atom-3","value":5},{"row_id":"atom-1","column_id":"atom-4","value":9},{"row_id":"atom-1","column_id":"atom-5","value":10},{"row_id":"atom-1","column_id":"atom-6","value":11},{"row_id":"atom-2","column_id":"atom-3","value":4},{"row_id":"atom-2","column_id":"atom-4","value":8},{"row_id":"atom-2","column_id":"atom-5","value":9},{"row_id":"atom-2","column_id":"atom-6","value":10},{"row_id":"atom-3","column_id":"atom-4","value":4},{"row_id":"atom-3","column_id":"atom-5","value":5},{"row_id":"atom-3","column_id":"atom-6","value":6},{"row_id":"atom-4","column_id":"atom-5","value":1},{"row_id":"atom-4","column_id":"atom-6","value":2},{"row_id":"atom-5","column_id":"atom-6","value":1}],"metadata":{"law_check":"absolute metric on scalar atoms","algorithmic_computation":false}}],"spaces":[{"id":"redif-source-space","dataset_id":"redif-dynamics","record_ids":["atom-0","atom-1","atom-2","atom-3","atom-4","atom-5","atom-6"],"primary_relation_id":"redif-source-metric","space_type":"finite_metric_space","metadata":{"operator":"redif_metric_dynamics"}}],"properties":[{"id":"redif-terminal-transport-path","dataset_id":"redif-dynamics","name":"Redif terminal transport path length","target_type":"record","value_type":"scalar","values":[{"record_id":"atom-0","value":0.83288273634000543},{"record_id":"atom-1","value":0.58301729043600004},{"record_id":"atom-2","value":0.9689984265480055},{"record_id":"atom-3","value":2.5068809753040004},{"record_id":"atom-4","value":0.96899842654800561},{"record_id":"atom-5","value":0.58301729043600004},{"record_id":"atom-6","value":0.8328827363400001}],"metadata":{"computed_by":"METRIC C++ redif_remove_noise","meaning":"sum of exact Wasserstein movement over the Redif path"}},{"id":"redif-terminal-entropy","dataset_id":"redif-dynamics","name":"Redif terminal entropy","target_type":"record","value_type":"scalar","values":[{"record_id":"atom-0","value":1.1215915258609099},{"record_id":"atom-1","value":1.1050149825394699},{"record_id":"atom-2","value":1.2401878941335847},{"record_id":"atom-3","value":1.5574149344034878},{"record_id":"atom-4","value":1.2401878941335849},{"record_id":"atom-5","value":1.1050149825394697},{"record_id":"atom-6","value":1.1215915258609099}],"metadata":{"computed_by":"METRIC C++ redif_remove_noise"}}],"graphs":[],"coordinates":[{"id":"redif-measure-step-0","dataset_id":"redif-dynamics","space_id":"redif-source-space","name":"Redif measure barycenter step 0","dimension":3,"record_positions":[{"record_id":"atom-0","position":[0,0,0]},{"record_id":"atom-1","position":[1,0,0]},{"record_id":"atom-2","position":[2,0,0]},{"record_id":"atom-3","position":[6,0,0]},{"record_id":"atom-4","position":[10,0,0]},{"record_id":"atom-5","position":[11,0,0]},{"record_id":"atom-6","position":[12,0,0]}],"metadata":{"computed_by":"METRIC C++ redif_remove_noise","redif_step":0,"algorithmic_computation":false}},{"id":"redif-measure-step-1","dataset_id":"redif-dynamics","space_id":"redif-source-space","name":"Redif measure barycenter step 1","dimension":3,"record_positions":[{"record_id":"atom-0","position":[0.27538678649726578,0.61972989837316506,1]},{"record_id":"atom-1","position":[1.0391148001120727,0.60948214674398749,1]},{"record_id":"atom-2","position":[1.9207989666614795,0.66528143588792443,1]},{"record_id":"atom-3","position":[6,0.73324594042863189,1]},{"record_id":"atom-4","position":[10.079201033338522,0.66528143588792477,1]},{"record_id":"atom-5","position":[10.960885199887928,0.60948214674398737,1]},{"record_id":"atom-6","position":[11.724613213502735,0.61972989837316494,1]}],"metadata":{"computed_by":"METRIC C++ redif_remove_noise","redif_step":1,"algorithmic_computation":false}},{"id":"redif-measure-step-2","dataset_id":"redif-dynamics","space_id":"redif-source-space","name":"Redif measure barycenter step 2","dimension":3,"record_positions":[{"record_id":"atom-0","position":[0.49783010008981288,0.88462320385594551,2]},{"record_id":"atom-1","position":[1.0848876145012496,0.86831015053460614,2]},{"record_id":"atom-2","position":[1.8749543967201758,0.96264412000893462,2]},{"record_id":"atom-3","position":[6,1.1225576969567104,2]},{"record_id":"atom-4","position":[10.125045603279824,0.96264412000893462,2]},{"record_id":"atom-5","position":[10.915112385498752,0.86831015053460625,2]},{"record_id":"atom-6","position":[11.502169899910188,0.88462320385594562,2]}],"metadata":{"computed_by":"METRIC C++ redif_remove_noise","redif_step":2,"algorithmic_computation":false}},{"id":"redif-measure-step-3","dataset_id":"redif-dynamics","space_id":"redif-source-space","name":"Redif measure barycenter step 3","dimension":3,"record_positions":[{"record_id":"atom-0","position":[0.68040256329558013,1.0321633452544157,3]},{"record_id":"atom-1","position":[1.1352680087969647,1.0140332602572151,3]},{"record_id":"atom-2","position":[1.8541063330507652,1.1336957954462701,3]},{"record_id":"atom-3","position":[6,1.3803878477822675,3]},{"record_id":"atom-4","position":[10.145893666949236,1.1336957954462699,3]},{"record_id":"atom-5","position":[10.864731991203037,1.0140332602572153,3]},{"record_id":"atom-6","position":[11.319597436704422,1.0321633452544159,3]}],"metadata":{"computed_by":"METRIC C++ redif_remove_noise","redif_step":3,"algorithmic_computation":false}},{"id":"redif-measure-step-4","dataset_id":"redif-dynamics","space_id":"redif-source-space","name":"Redif measure barycenter step 4","dimension":3,"record_positions":[{"record_id":"atom-0","position":[0.83289549766445214,1.1215915258609099,4]},{"record_id":"atom-1","position":[1.1887726371756049,1.1050149825394699,4]},{"record_id":"atom-2","position":[1.8519416597716858,1.2401878941335847,4]},{"record_id":"atom-3","position":[6,1.5574149344034878,4]},{"record_id":"atom-4","position":[10.148058340228314,1.2401878941335849,4]},{"record_id":"atom-5","position":[10.811227362824397,1.1050149825394697,4]},{"record_id":"atom-6","position":[11.167104502335548,1.1215915258609099,4]}],"metadata":{"computed_by":"METRIC C++ redif_remove_noise","redif_step":4,"algorithmic_computation":false}}],"timelines":[{"id":"redif-measure-path","dataset_id":"redif-dynamics","name":"Redif inverse measure path","timeline_type":"redif_measure_path","steps":[{"id":"redif-step-0","index":0,"t":0,"name":"Redif measure step 0","coordinate_id":"redif-measure-step-0","property_id":"redif-terminal-transport-path"},{"id":"redif-step-1","index":1,"t":1,"name":"Redif measure step 1","coordinate_id":"redif-measure-step-1","property_id":"redif-terminal-transport-path"},{"id":"redif-step-2","index":2,"t":2,"name":"Redif measure step 2","coordinate_id":"redif-measure-step-2","property_id":"redif-terminal-transport-path"},{"id":"redif-step-3","index":3,"t":3,"name":"Redif measure step 3","coordinate_id":"redif-measure-step-3","property_id":"redif-terminal-transport-path"},{"id":"redif-step-4","index":4,"t":4,"name":"Redif measure step 4","coordinate_id":"redif-measure-step-4","property_id":"redif-terminal-transport-path"}],"metadata":{"computed_by":"METRIC C++ redif_remove_noise","algorithmic_computation":false}}],"events":[],"views":[{"id":"redif-measure-view","kind":"metric-space","name":"Redif measure path","spaceId":"redif-source-space","coordinateId":"redif-measure-step-4","propertyId":"redif-terminal-transport-path"},{"id":"redif-source-relation-view","kind":"relation-matrix","name":"Redif source distances","relationId":"redif-source-metric"}],"diagnostics":[{"id":"redif-native-evidence","dataset_id":"redif-dynamics","diagnostic_type":"redif_measure_paths","payload":{"computed_by":"METRIC C++ redif_remove_noise/redif_add_noise","javascript_computation":false,"operator":"redif_metric_dynamics","record_count":7,"iterations":4,"euler_step":0.25,"inverse_measure_paths":[{"record_id":"atom-0","measures":[[1,0,0,0,0,0,0],[0.81374119253510069,0.10885841628005408,0.074767851467863453,0.0023483598279334795,0.00023929847880852168,2.9053397077706752e-05,1.5828013161999094e-05],[0.67469923960226497,0.18537018718273565,0.13285658689136079,0.006063804621270129,0.0008169994759943261,0.00012427007970032905,6.891214667400788e-05],[0.57066883272638147,0.23883258839931282,0.17777618344205509,0.010471747351907538,0.0017503766844841294,0.00031989969443684517,0.00018037170142210047],[0.49262738482123714,0.27588905999450897,0.2123410389502671,0.015119784560783596,0.0030123334903388922,0.00064246069305316008,0.00036793748981113706]]},{"record_id":"atom-1","measures":[[0,1,0,0,0,0,0],[0.077782510033003252,0.82070169625199152,0.098063041671188775,0.0030800310981862057,0.00031385597203282482,3.8105474911838684e-05,2.0759498685666802e-05],[0.13245239952110802,0.69178621742670321,0.16674754507760889,0.0077174337763615732,0.0010475365118096367,0.00016007309384155337,8.8794592567153105e-05],[0.17065284282278778,0.59880260086662851,0.21474722634496274,0.012966155737225791,0.0021974733472755643,0.00040512322913468043,0.00022857765198489079],[0.19713077142158164,0.53146787679917273,0.24817395829031313,0.018258985048828901,0.003708616221649281,0.00080073533511081216,0.00045905688334337767]]},{"record_id":"atom-2","measures":[[0,0,1,0,0,0,0],[0.054093360055620258,0.099292049663977047,0.81781956095598063,0.025686636244625815,0.0026174749311973456,0.00031778947737427717,0.00017312867122462841],[0.096119642993407806,0.16883736466902405,0.68472457811089926,0.042189775998836172,0.0064768868914102358,0.0010606651148369478,0.00059108622158561888],[0.12861826187928421,0.21743861805696008,0.58720335147179969,0.052473606894874091,0.010774777882128781,0.002225013919765624,0.0012663698951876352],[0.15362538910802162,0.25128428174288781,0.51549992359184371,0.05859009296655978,0.015065841171469379,0.0037550956995536519,0.002179375719663988]]},{"record_id":"atom-3","measures":[[0,0,0,1,0,0,0],[0.005426648872684489,0.0099609839141351336,0.082043703588717792,0.80513732724892517,0.082043703588717792,0.0099609839141351353,0.005426648872684489],[0.014012392019646934,0.024958590109694208,0.13475510937120516,0.6525478169989074,0.13475510937120516,0.024958590109694211,0.014012392019646934],[0.024198376793164722,0.041933235285427937,0.16760190043235698,0.5325329749781007,0.16760190043235695,0.041933235285427937,0.024198376793164725],[0.034939177917300349,0.059050525972586504,0.18713809682221691,0.4377443985757925,0.18713809682221688,0.059050525972586511,0.034939177917300356]]},{"record_id":"atom-4","measures":[[0,0,0,0,1,0,0],[0.00017312867122462844,0.00031778947737427711,0.0026174749311973465,0.025686636244625818,0.81781956095598063,0.099292049663977103,0.054093360055620272],[0.00059108622158561878,0.0010606651148369474,0.006476886891410235,0.042189775998836165,0.68472457811089915,0.16883736466902408,0.096119642993407806],[0.001266369895187635,0.0022250139197656231,0.010774777882128782,0.052473606894874084,0.58720335147179969,0.21743861805696008,0.12861826187928421],[0.0021793757196639876,0.0037550956995536519,0.015065841171469382,0.058590092966559801,0.51549992359184371,0.25128428174288786,0.15362538910802162]]},{"record_id":"atom-5","measures":[[0,0,0,0,0,1,0],[2.0759498685666792e-05,3.8105474911838664e-05,0.00031385597203282476,0.0030800310981862048,0.098063041671188747,0.82070169625199152,0.077782510033003238],[8.8794592567153105e-05,0.00016007309384155334,0.0010475365118096369,0.0077174337763615732,0.16674754507760886,0.69178621742670321,0.1324523995211081],[0.00022857765198489079,0.00040512322913468043,0.0021974733472755648,0.012966155737225791,0.21474722634496277,0.59880260086662851,0.17065284282278792],[0.0004590568833433774,0.00080073533511081151,0.0037086162216492815,0.018258985048828894,0.24817395829031311,0.53146787679917284,0.1971307714215817]]},{"record_id":"atom-6","measures":[[0,0,0,0,0,0,1],[1.5828013161999094e-05,2.9053397077706745e-05,0.00023929847880852173,0.00234835982793348,0.074767851467863439,0.10885841628005413,0.8137411925351008],[6.8912146674007853e-05,0.00012427007970032899,0.0008169994759943261,0.0060638046212701281,0.13285658689136073,0.18537018718273568,0.67469923960226486],[0.00018037170142210052,0.00031989969443684511,0.0017503766844841299,0.010471747351907538,0.17777618344205506,0.23883258839931296,0.57066883272638147],[0.00036793748981113695,0.00064246069305315975,0.0030123334903388922,0.015119784560783594,0.21234103895026701,0.27588905999450908,0.49262738482123708]]}],"inverse_step_transport":[{"record_id":"atom-0","step_transport":[0.27538286280000002,0.22244092437600274,0.18256796288400273,0.15249098627999999],"transport_path_length":0.83288273634000543},{"record_id":"atom-1","step_transport":[0.194671308864,0.155102524908,0.126784675776,0.10645878088800001],"transport_path_length":0.58301729043600004},{"record_id":"atom-2","step_transport":[0.335753726232,0.26134783767600273,0.20634490894800006,0.16555195369200271],"transport_path_length":0.9689984265480055},{"record_id":"atom-3","step_transport":[0.82107942333600004,0.67469969829600007,0.55475187302400009,0.45634998064799998],"transport_path_length":2.5068809753040004},{"record_id":"atom-4","step_transport":[0.33575372623200278,0.26134783767600273,0.20634490894800003,0.16555195369200001],"transport_path_length":0.96899842654800561},{"record_id":"atom-5","step_transport":[0.194671308864,0.155102524908,0.126784675776,0.10645878088800001],"transport_path_length":0.58301729043600004},{"record_id":"atom-6","step_transport":[0.27538286280000002,0.22244092437599999,0.18256796288400001,0.15249098627999999],"transport_path_length":0.8328827363400001}],"forward_measure_paths":[{"record_id":"atom-0","measures":[[1,0,0,0,0,0,0],[0.75,0.1542119771481327,0.095788022851867299,0,0,0,0],[0.58613067341451042,0.24487803225528504,0.16524257262463332,0.0037487217055712169,0,0,0],[0.4780323541868014,0.29743917449496859,0.21478147267232445,0.0092784084327091378,0.00046859021319640211,0,0],[0.40618337323906689,0.32720286473245008,0.24962096272791776,0.015382746592224638,0.0015112437139859439,6.6335166741280066e-05,3.2473827613513446e-05]]},{"record_id":"atom-1","measures":[[0,1,0,0,0,0,0],[0.1101889506538018,0.75,0.1398110493461982,0,0,0,0],[0.17497248859249462,0.59928456642281169,0.22027135574254694,0.0054715892421467243,0,0,0],[0.21252895609691297,0.50762861345547938,0.26643433828647922,0.012724143505860153,0.00068394865526834054,0,0],[0.23379597993970141,0.45121328898177776,0.29274608928175272,0.019996941943963693,0.0021034794296837744,9.6822013802246417e-05,4.7398409318397938e-05]]},{"record_id":"atom-2","measures":[[0,0,1,0,0,0,0],[0.069301122172397048,0.14156327826137657,0.75,0.039135599566226344,0,0,0],[0.11955039234132882,0.22303198046085451,0.59382227790269881,0.058703399349339519,0.004891949945778293,0,0],[0.15539100437484343,0.26977351608197642,0.49533846428522527,0.067458589787685042,0.01100688737800116,0.00069252047141493852,0.00033901762085363261],[0.18059682536251004,0.29641502793033342,0.43253808738464639,0.070410071265675889,0.016816785098377265,0.0021298419918447105,0.0010933609666123863]]},{"record_id":"atom-3","measures":[[0,0,0,1,0,0,0],[0,0,0.125,0.75,0.125,0,0],[0.0086626402715496327,0.017695409782672075,0.18750000000000003,0.57228389989155659,0.18750000000000003,0.017695409782672075,0.0086626402715496327],[0.021440779246328326,0.041150554894610877,0.21546427848105965,0.4438887747560023,0.21546427848105965,0.041150554894610877,0.021440779246328329],[0.035546837184208382,0.064671170740132081,0.22489137781869803,0.34978122851392301,0.22489137781869803,0.064671170740132081,0.035546837184208382]]},{"record_id":"atom-4","measures":[[0,0,0,0,1,0,0],[0,0,0,0.039135599566226344,0.75,0.14156327826137657,0.069301122172397048],[0,0,0.0048919499457782938,0.058703399349339533,0.59382227790269881,0.22303198046085454,0.11955039234132885],[0.00033901762085363266,0.00069252047141493862,0.011006887378001162,0.067458589787685055,0.49533846428522532,0.26977351608197647,0.15539100437484346],[0.0010933609666123863,0.0021298419918447109,0.016816785098377265,0.070410071265675889,0.43253808738464633,0.29641502793033336,0.18059682536251004]]},{"record_id":"atom-5","measures":[[0,0,0,0,0,1,0],[0,0,0,0,0.1398110493461982,0.75,0.1101889506538018],[0,0,0,0.0054715892421467243,0.22027135574254694,0.59928456642281169,0.17497248859249459],[0,0,0.00068394865526834065,0.012724143505860154,0.26643433828647928,0.50762861345547938,0.21252895609691294],[4.7398409318397945e-05,9.682201380224643e-05,0.0021034794296837748,0.0199969419439637,0.29274608928175277,0.45121328898177782,0.23379597993970141]]},{"record_id":"atom-6","measures":[[0,0,0,0,0,0,1],[0,0,0,0,0.095788022851867299,0.1542119771481327,0.75],[0,0,0,0.0037487217055712169,0.16524257262463332,0.24487803225528504,0.58613067341451042],[0,0,0.00046859021319640211,0.0092784084327091378,0.21478147267232447,0.29743917449496859,0.4780323541868014],[3.2473827613513439e-05,6.6335166741280052e-05,0.0015112437139859439,0.015382746592224638,0.24962096272791776,0.32720286473245008,0.40618337323906678]]}],"operator_diagnostics":{"spectral_gap_proxy_value":0.99999999999999978,"spectral_gap_proxy":"minimum_transition_escape_probability","component_count":1}}}]}
