{"schema":"metric.visual.v1","provenance":{"writer":"examples/engine/solver_trace_visual_export.cpp","generator":"native-cpp","computed_by":"native C++ metric-Laplacian Jacobi solver","synthetic_js":false,"native_export":true,"public_hero_ready":false,"native_checks_pass":true,"native_check_count":2,"schema_note":"Native solver-trace export; no JavaScript-computed solver data."},"datasets":[{"id":"solver-trace-native","title":"Native solver trace evidence","description":"C++ Jacobi solver trace for a metric-Laplacian smoothing system; residuals and objectives are exported as timeline-step properties.","source":"examples/engine/solver_trace_visual_export.cpp","license":"MPL-2.0"}],"records":[{"id":"solver-node-00","dataset_id":"solver-trace-native","record_type":"vector","label":"solver-node-00","payload":{"kind":"vector","values":[-1,0,0.099999999999999992],"meaning":"x, y, observed signal"}},{"id":"solver-node-01","dataset_id":"solver-trace-native","record_type":"vector","label":"solver-node-01","payload":{"kind":"vector","values":[-0.81818181818181812,0.29735244960057866,0.39271405762545336],"meaning":"x, y, observed signal"}},{"id":"solver-node-02","dataset_id":"solver-trace-native","record_type":"vector","label":"solver-node-02","payload":{"kind":"vector","values":[-0.63636363636363635,0.50029759744498514,0.867446140494611],"meaning":"x, y, observed signal"}},{"id":"solver-node-03","dataset_id":"solver-trace-native","record_type":"vector","label":"solver-node-03","payload":{"kind":"vector","values":[-0.45454545454545459,0.54440179303451308,0.33487805945722188],"meaning":"x, y, observed signal"}},{"id":"solver-node-04","dataset_id":"solver-trace-native","record_type":"vector","label":"solver-node-04","payload":{"kind":"vector","values":[-0.27272727272727271,0.41566226589484206,-0.32072237303598089],"meaning":"x, y, observed signal"}},{"id":"solver-node-05","dataset_id":"solver-trace-native","record_type":"vector","label":"solver-node-05","payload":{"kind":"vector","values":[-0.090909090909090939,0.15495290626278654,-0.40222630140464366],"meaning":"x, y, observed signal"}},{"id":"solver-node-06","dataset_id":"solver-trace-native","record_type":"vector","label":"solver-node-06","payload":{"kind":"vector","values":[0.090909090909090828,-0.15495290626278618,-0.90764377190586276],"meaning":"x, y, observed signal"}},{"id":"solver-node-07","dataset_id":"solver-trace-native","record_type":"vector","label":"solver-node-07","payload":{"kind":"vector","values":[0.27272727272727271,-0.41566226589484201,-0.084972508815678402],"meaning":"x, y, observed signal"}},{"id":"solver-node-08","dataset_id":"solver-trace-native","record_type":"vector","label":"solver-node-08","payload":{"kind":"vector","values":[0.45454545454545459,-0.54440179303451297,0.4436447176788394],"meaning":"x, y, observed signal"}},{"id":"solver-node-09","dataset_id":"solver-trace-native","record_type":"vector","label":"solver-node-09","payload":{"kind":"vector","values":[0.63636363636363646,-0.50029759744498503,0.55789673581393229],"meaning":"x, y, observed signal"}},{"id":"solver-node-10","dataset_id":"solver-trace-native","record_type":"vector","label":"solver-node-10","payload":{"kind":"vector","values":[0.81818181818181812,-0.29735244960057905,0.69556532944467853],"meaning":"x, y, observed signal"}},{"id":"solver-node-11","dataset_id":"solver-trace-native","record_type":"vector","label":"solver-node-11","payload":{"kind":"vector","values":[1,-1.3471114790620887e-16,-0.099999999999999714],"meaning":"x, y, observed signal"}}],"relations":[{"id":"solver-trace-euclidean-metric","dataset_id":"solver-trace-native","name":"solver fixture Euclidean metric","relation_type":"metric","value_type":"scalar","record_ids":["solver-node-00","solver-node-01","solver-node-02","solver-node-03","solver-node-04","solver-node-05","solver-node-06","solver-node-07","solver-node-08","solver-node-09","solver-node-10","solver-node-11"],"storage":"dense_matrix","values":[[0,0.34853454710133702,0.61848936204909954,0.77064516699724894,0.83767579595183783,0.9222020842261307,1.1018589055715722,1.338883800048621,1.553085893181068,1.7111351894056903,1.8423364522394945,2],[0.34853454710133702,0,0.27247859415605002,0.43961890661095965,0.55813786270831611,0.74108248513746589,1.0153947094280236,1.3032546294339855,1.5259046220973245,1.6588996584756515,1.7410800864828366,1.8423364522394943],[0.61848936204909954,0.27247859415605002,0,0.18709097067541433,0.37335578782882201,0.64558780726153187,0.97891717854167759,1.2905149174810999,1.5104567061310741,1.6189581386745919,1.6588996584756517,1.7111351894056903],[0.77064516699724894,0.43961890661095965,0.18709097067541433,0,0.2227817700975902,0.53282439918458568,0.88691468393878825,1.2044287513517016,1.4184285424470657,1.5104567061310743,1.5259046220973247,1.553085893181068],[0.83767579595183783,0.55813786270831611,0.37335578782882201,0.2227817700975902,0,0.31784779602732166,0.67663363769114915,0.99429429160201976,1.2044287513517016,1.2905149174811001,1.3032546294339857,1.3388838000486212],[0.9222020842261307,0.74108248513746589,0.64558780726153187,0.53282439918458568,0.31784779602732166,0,0.35930413840756803,0.67663363769114948,0.88691468393878858,0.97891717854167792,1.015394709428024,1.1018589055715722],[1.1018589055715722,1.0153947094280236,0.97891717854167759,0.88691468393878825,0.67663363769114915,0.35930413840756803,0,0.31784779602732194,0.53282439918458602,0.6455878072615322,0.74108248513746622,0.9222020842261307],[1.338883800048621,1.3032546294339855,1.2905149174810999,1.2044287513517016,0.99429429160201976,0.67663363769114948,0.31784779602732194,0,0.22278177009759018,0.37335578782882212,0.558137862708316,0.83767579595183783],[1.553085893181068,1.5259046220973245,1.5104567061310741,1.4184285424470657,1.2044287513517016,0.88691468393878858,0.53282439918458602,0.22278177009759018,0,0.18709097067541444,0.43961890661095943,0.77064516699724872],[1.7111351894056903,1.6588996584756515,1.6189581386745919,1.5104567061310743,1.2905149174811001,0.97891717854167792,0.6455878072615322,0.37335578782882212,0.18709097067541444,0,0.27247859415604958,0.61848936204909932],[1.8423364522394945,1.7410800864828366,1.6588996584756517,1.5259046220973247,1.3032546294339857,1.015394709428024,0.74108248513746622,0.558137862708316,0.43961890661095943,0.27247859415604958,0,0.3485345471013373],[2,1.8423364522394943,1.7111351894056903,1.553085893181068,1.3388838000486212,1.1018589055715722,0.9222020842261307,0.83767579595183783,0.77064516699724872,0.61848936204909932,0.3485345471013373,0]],"metadata":{"computed_by":"native C++ Euclidean distance on solver fixture coordinates","used_by":"metric-Laplacian smoothing system","system":"(I + lambda L) x = b","lambda":0.28000000000000003}}],"spaces":[{"id":"solver-trace-space","dataset_id":"solver-trace-native","record_ids":["solver-node-00","solver-node-01","solver-node-02","solver-node-03","solver-node-04","solver-node-05","solver-node-06","solver-node-07","solver-node-08","solver-node-09","solver-node-10","solver-node-11"],"primary_relation_id":"solver-trace-euclidean-metric","space_type":"finite_metric_space","metadata":{"native_solver":"Jacobi","system":"(I + lambda L) x = b","lambda":0.28000000000000003}}],"properties":[{"id":"observed-signal","dataset_id":"solver-trace-native","name":"observed right-hand side signal","target_type":"record","value_type":"scalar","values":[{"record_id":"solver-node-00","value":0.099999999999999992},{"record_id":"solver-node-01","value":0.39271405762545336},{"record_id":"solver-node-02","value":0.867446140494611},{"record_id":"solver-node-03","value":0.33487805945722188},{"record_id":"solver-node-04","value":-0.32072237303598089},{"record_id":"solver-node-05","value":-0.40222630140464366},{"record_id":"solver-node-06","value":-0.90764377190586276},{"record_id":"solver-node-07","value":-0.084972508815678402},{"record_id":"solver-node-08","value":0.4436447176788394},{"record_id":"solver-node-09","value":0.55789673581393229},{"record_id":"solver-node-10","value":0.69556532944467853},{"record_id":"solver-node-11","value":-0.099999999999999714}]},{"id":"final-solver-solution","dataset_id":"solver-trace-native","name":"final native solver solution","target_type":"record","value_type":"scalar","values":[{"record_id":"solver-node-00","value":0.16652884105236901},{"record_id":"solver-node-01","value":0.33166059123416175},{"record_id":"solver-node-02","value":0.5156206750930945},{"record_id":"solver-node-03","value":0.25287022672487997},{"record_id":"solver-node-04","value":-0.085748349772229449},{"record_id":"solver-node-05","value":-0.26314912641995525},{"record_id":"solver-node-06","value":-0.52688932862399629},{"record_id":"solver-node-07","value":0.006034104348961458},{"record_id":"solver-node-08","value":0.29146368569680942},{"record_id":"solver-node-09","value":0.36501121824568278},{"record_id":"solver-node-10","value":0.48023586313485228},{"record_id":"solver-node-11","value":0.042938628191599333}]},{"id":"jacobi-residual","dataset_id":"solver-trace-native","name":"Jacobi residual norm","target_type":"timeline_step","value_type":"scalar","values":[{"timeline_id":"native-laplacian-jacobi","step_id":"jacobi-step-00","index":0,"residual":1.7681621433976475,"value":1.7681621433976475},{"timeline_id":"native-laplacian-jacobi","step_id":"jacobi-step-01","index":1,"residual":0.30267432861222388,"value":0.30267432861222388},{"timeline_id":"native-laplacian-jacobi","step_id":"jacobi-step-02","index":2,"residual":0.10295226478168276,"value":0.10295226478168276},{"timeline_id":"native-laplacian-jacobi","step_id":"jacobi-step-03","index":3,"residual":0.043049315941360904,"value":0.043049315941360904},{"timeline_id":"native-laplacian-jacobi","step_id":"jacobi-step-04","index":4,"residual":0.018714162189120646,"value":0.018714162189120646},{"timeline_id":"native-laplacian-jacobi","step_id":"jacobi-step-05","index":5,"residual":0.0081676992738966697,"value":0.0081676992738966697},{"timeline_id":"native-laplacian-jacobi","step_id":"jacobi-step-06","index":6,"residual":0.0035669921744686016,"value":0.0035669921744686016},{"timeline_id":"native-laplacian-jacobi","step_id":"jacobi-step-07","index":7,"residual":0.0015579137370297527,"value":0.0015579137370297527},{"timeline_id":"native-laplacian-jacobi","step_id":"jacobi-step-08","index":8,"residual":0.00068043982116016062,"value":0.00068043982116016062},{"timeline_id":"native-laplacian-jacobi","step_id":"jacobi-step-09","index":9,"residual":0.00029719563681937527,"value":0.00029719563681937527},{"timeline_id":"native-laplacian-jacobi","step_id":"jacobi-step-10","index":10,"residual":0.00012980672930639468,"value":0.00012980672930639468},{"timeline_id":"native-laplacian-jacobi","step_id":"jacobi-step-11","index":11,"residual":5.669641150024855e-05,"value":5.669641150024855e-05},{"timeline_id":"native-laplacian-jacobi","step_id":"jacobi-step-12","index":12,"residual":2.4763746433890819e-05,"value":2.4763746433890819e-05},{"timeline_id":"native-laplacian-jacobi","step_id":"jacobi-step-13","index":13,"residual":1.0816324862178417e-05,"value":1.0816324862178417e-05},{"timeline_id":"native-laplacian-jacobi","step_id":"jacobi-step-14","index":14,"residual":4.7243847399969009e-06,"value":4.7243847399969009e-06},{"timeline_id":"native-laplacian-jacobi","step_id":"jacobi-step-15","index":15,"residual":2.0635397364491947e-06,"value":2.0635397364491947e-06},{"timeline_id":"native-laplacian-jacobi","step_id":"jacobi-step-16","index":16,"residual":9.0132666464665471e-07,"value":9.0132666464665471e-07}],"metadata":{"description":"Native residual norm ||Ax-b||_2 for each exported solver iteration.","computed_by":"native C++ Jacobi iteration","timeline_id":"native-laplacian-jacobi","solver_field":"residual"}},{"id":"jacobi-objective","dataset_id":"solver-trace-native","name":"Jacobi quadratic objective","target_type":"timeline_step","value_type":"scalar","values":[{"timeline_id":"native-laplacian-jacobi","step_id":"jacobi-step-00","index":0,"objective":0,"value":0},{"timeline_id":"native-laplacian-jacobi","step_id":"jacobi-step-01","index":1,"objective":-0.93723281177555473,"value":-0.93723281177555473},{"timeline_id":"native-laplacian-jacobi","step_id":"jacobi-step-02","index":2,"objective":-0.97126646777204306,"value":-0.97126646777204306},{"timeline_id":"native-laplacian-jacobi","step_id":"jacobi-step-03","index":3,"objective":-0.97539223334591041,"value":-0.97539223334591041},{"timeline_id":"native-laplacian-jacobi","step_id":"jacobi-step-04","index":4,"objective":-0.97612939606264204,"value":-0.97612939606264204},{"timeline_id":"native-laplacian-jacobi","step_id":"jacobi-step-05","index":5,"objective":-0.97626886868688978,"value":-0.97626886868688978},{"timeline_id":"native-laplacian-jacobi","step_id":"jacobi-step-06","index":6,"objective":-0.97629544445831018,"value":-0.97629544445831018},{"timeline_id":"native-laplacian-jacobi","step_id":"jacobi-step-07","index":7,"objective":-0.97630051312489352,"value":-0.97630051312489352},{"timeline_id":"native-laplacian-jacobi","step_id":"jacobi-step-08","index":8,"objective":-0.97630147999985717,"value":-0.97630147999985717},{"timeline_id":"native-laplacian-jacobi","step_id":"jacobi-step-09","index":9,"objective":-0.97630166444417954,"value":-0.97630166444417954},{"timeline_id":"native-laplacian-jacobi","step_id":"jacobi-step-10","index":10,"objective":-0.97630169963015256,"value":-0.97630169963015256},{"timeline_id":"native-laplacian-jacobi","step_id":"jacobi-step-11","index":11,"objective":-0.97630170634259905,"value":-0.97630170634259905},{"timeline_id":"native-laplacian-jacobi","step_id":"jacobi-step-12","index":12,"objective":-0.97630170762315371,"value":-0.97630170762315371},{"timeline_id":"native-laplacian-jacobi","step_id":"jacobi-step-13","index":13,"objective":-0.97630170786745218,"value":-0.97630170786745218},{"timeline_id":"native-laplacian-jacobi","step_id":"jacobi-step-14","index":14,"objective":-0.97630170791405912,"value":-0.97630170791405912},{"timeline_id":"native-laplacian-jacobi","step_id":"jacobi-step-15","index":15,"objective":-0.9763017079229499,"value":-0.9763017079229499},{"timeline_id":"native-laplacian-jacobi","step_id":"jacobi-step-16","index":16,"objective":-0.97630170792464654,"value":-0.97630170792464654}],"metadata":{"description":"Native objective 0.5*x^T*A*x - b^T*x for each exported solver iteration.","computed_by":"native C++ Jacobi iteration","timeline_id":"native-laplacian-jacobi","solver_field":"objective"}},{"id":"jacobi-step-delta","dataset_id":"solver-trace-native","name":"Jacobi step delta","target_type":"timeline_step","value_type":"scalar","values":[{"timeline_id":"native-laplacian-jacobi","step_id":"jacobi-step-00","index":0,"step_delta":0.98953197159353978,"value":0.98953197159353978},{"timeline_id":"native-laplacian-jacobi","step_id":"jacobi-step-01","index":1,"step_delta":0.18092292262023579,"value":0.18092292262023579},{"timeline_id":"native-laplacian-jacobi","step_id":"jacobi-step-02","index":2,"step_delta":0.05754616738367848,"value":0.05754616738367848},{"timeline_id":"native-laplacian-jacobi","step_id":"jacobi-step-03","index":3,"step_delta":0.024017279758484198,"value":0.024017279758484198},{"timeline_id":"native-laplacian-jacobi","step_id":"jacobi-step-04","index":4,"step_delta":0.010413038010331634,"value":0.010413038010331634},{"timeline_id":"native-laplacian-jacobi","step_id":"jacobi-step-05","index":5,"step_delta":0.0045434329745502895,"value":0.0045434329745502895},{"timeline_id":"native-laplacian-jacobi","step_id":"jacobi-step-06","index":6,"step_delta":0.0019839341837993765,"value":0.0019839341837993765},{"timeline_id":"native-laplacian-jacobi","step_id":"jacobi-step-07","index":7,"step_delta":0.00086646288867003385,"value":0.00086646288867003385},{"timeline_id":"native-laplacian-jacobi","step_id":"jacobi-step-08","index":8,"step_delta":0.00037843703304547686,"value":0.00037843703304547686},{"timeline_id":"native-laplacian-jacobi","step_id":"jacobi-step-09","index":9,"step_delta":0.00016528880495702129,"value":0.00016528880495702129},{"timeline_id":"native-laplacian-jacobi","step_id":"jacobi-step-10","index":10,"step_delta":7.2193594154424355e-05,"value":7.2193594154424355e-05},{"timeline_id":"native-laplacian-jacobi","step_id":"jacobi-step-11","index":11,"step_delta":3.1532375549426771e-05,"value":3.1532375549426771e-05},{"timeline_id":"native-laplacian-jacobi","step_id":"jacobi-step-12","index":12,"step_delta":1.3772658833428988e-05,"value":1.3772658833428988e-05},{"timeline_id":"native-laplacian-jacobi","step_id":"jacobi-step-13","index":13,"step_delta":6.0156317282691671e-06,"value":6.0156317282691671e-06},{"timeline_id":"native-laplacian-jacobi","step_id":"jacobi-step-14","index":14,"step_delta":2.6275257144635626e-06,"value":2.6275257144635626e-06},{"timeline_id":"native-laplacian-jacobi","step_id":"jacobi-step-15","index":15,"step_delta":1.1476637958317634e-06,"value":1.1476637958317634e-06},{"timeline_id":"native-laplacian-jacobi","step_id":"jacobi-step-16","index":16,"step_delta":1.1476637958317634e-06,"value":1.1476637958317634e-06}],"metadata":{"description":"Native ||x_{k+1}-x_k||_2 for hover/preview inspection.","computed_by":"native C++ Jacobi iteration","timeline_id":"native-laplacian-jacobi","solver_field":"step_delta"}},{"id":"jacobi-solution-norm","dataset_id":"solver-trace-native","name":"Jacobi solution norm","target_type":"timeline_step","value_type":"scalar","values":[{"timeline_id":"native-laplacian-jacobi","step_id":"jacobi-step-00","index":0,"solution_norm":0,"value":0},{"timeline_id":"native-laplacian-jacobi","step_id":"jacobi-step-01","index":1,"solution_norm":0.98953197159353978,"value":0.98953197159353978},{"timeline_id":"native-laplacian-jacobi","step_id":"jacobi-step-02","index":2,"solution_norm":1.0739185741138662,"value":1.0739185741138662},{"timeline_id":"native-laplacian-jacobi","step_id":"jacobi-step-03","index":3,"solution_norm":1.1092581917273021,"value":1.1092581917273021},{"timeline_id":"native-laplacian-jacobi","step_id":"jacobi-step-04","index":4,"solution_norm":1.1199610863397043,"value":1.1199610863397043},{"timeline_id":"native-laplacian-jacobi","step_id":"jacobi-step-05","index":5,"solution_norm":1.1245956492210121,"value":1.1245956492210121},{"timeline_id":"native-laplacian-jacobi","step_id":"jacobi-step-06","index":6,"solution_norm":1.1265260522893481,"value":1.1265260522893481},{"timeline_id":"native-laplacian-jacobi","step_id":"jacobi-step-07","index":7,"solution_norm":1.1273728833452206,"value":1.1273728833452206},{"timeline_id":"native-laplacian-jacobi","step_id":"jacobi-step-08","index":8,"solution_norm":1.1277406071023619,"value":1.1277406071023619},{"timeline_id":"native-laplacian-jacobi","step_id":"jacobi-step-09","index":9,"solution_norm":1.1279014828422476,"value":1.1279014828422476},{"timeline_id":"native-laplacian-jacobi","step_id":"jacobi-step-10","index":10,"solution_norm":1.1279716868265892,"value":1.1279716868265892},{"timeline_id":"native-laplacian-jacobi","step_id":"jacobi-step-11","index":11,"solution_norm":1.1280023620030493,"value":1.1280023620030493},{"timeline_id":"native-laplacian-jacobi","step_id":"jacobi-step-12","index":12,"solution_norm":1.1280157573405092,"value":1.1280157573405092},{"timeline_id":"native-laplacian-jacobi","step_id":"jacobi-step-13","index":13,"solution_norm":1.1280216083685823,"value":1.1280216083685823},{"timeline_id":"native-laplacian-jacobi","step_id":"jacobi-step-14","index":14,"solution_norm":1.1280241637315913,"value":1.1280241637315913},{"timeline_id":"native-laplacian-jacobi","step_id":"jacobi-step-15","index":15,"solution_norm":1.1280252798221584,"value":1.1280252798221584},{"timeline_id":"native-laplacian-jacobi","step_id":"jacobi-step-16","index":16,"solution_norm":1.1280257672774123,"value":1.1280257672774123}],"metadata":{"description":"Native ||x_k||_2 for hover/preview inspection.","computed_by":"native C++ Jacobi iteration","timeline_id":"native-laplacian-jacobi","solver_field":"solution_norm"}}],"graphs":[{"id":"solver-trace-metric-knn","dataset_id":"solver-trace-native","node_record_ids":["solver-node-00","solver-node-01","solver-node-02","solver-node-03","solver-node-04","solver-node-05","solver-node-06","solver-node-07","solver-node-08","solver-node-09","solver-node-10","solver-node-11"],"edge_relation_id":"solver-trace-euclidean-metric","graph_type":"metric_knn_affinity","edges":[{"id":"solver-edge-0","source":"solver-node-00","target":"solver-node-01","weight":0.74884043286982405,"distance":0.34853454710133702},{"id":"solver-edge-1","source":"solver-node-00","target":"solver-node-02","weight":0.40220894974136073,"distance":0.61848936204909954},{"id":"solver-edge-2","source":"solver-node-00","target":"solver-node-03","weight":0.24316057046934864,"distance":0.77064516699724894},{"id":"solver-edge-3","source":"solver-node-00","target":"solver-node-04","weight":0.18811232041605155,"distance":0.83767579595183783},{"id":"solver-edge-4","source":"solver-node-01","target":"solver-node-02","weight":0.83797013320817415,"distance":0.27247859415605002},{"id":"solver-edge-5","source":"solver-node-01","target":"solver-node-03","weight":0.63118628044509073,"distance":0.43961890661095965},{"id":"solver-edge-6","source":"solver-node-01","target":"solver-node-04","weight":0.47629911783087636,"distance":0.55813786270831611},{"id":"solver-edge-7","source":"solver-node-02","target":"solver-node-03","weight":0.92003777432413925,"distance":0.18709097067541433},{"id":"solver-edge-8","source":"solver-node-02","target":"solver-node-04","weight":0.71756497916311412,"distance":0.37335578782882201},{"id":"solver-edge-9","source":"solver-node-02","target":"solver-node-05","weight":0.37070749706136147,"distance":0.64558780726153187},{"id":"solver-edge-10","source":"solver-node-03","target":"solver-node-04","weight":0.88854431630116837,"distance":0.2227817700975902},{"id":"solver-edge-11","source":"solver-node-03","target":"solver-node-05","weight":0.50866951166187113,"distance":0.53282439918458568},{"id":"solver-edge-12","source":"solver-node-04","target":"solver-node-05","weight":0.78620240779399819,"distance":0.31784779602732166},{"id":"solver-edge-13","source":"solver-node-05","target":"solver-node-06","weight":0.73537134512206181,"distance":0.35930413840756803},{"id":"solver-edge-14","source":"solver-node-06","target":"solver-node-07","weight":0.78620240779399786,"distance":0.31784779602732194},{"id":"solver-edge-15","source":"solver-node-06","target":"solver-node-08","weight":0.50866951166187069,"distance":0.53282439918458602},{"id":"solver-edge-16","source":"solver-node-06","target":"solver-node-09","weight":0.37070749706136108,"distance":0.6455878072615322},{"id":"solver-edge-17","source":"solver-node-07","target":"solver-node-08","weight":0.88854431630116837,"distance":0.22278177009759018},{"id":"solver-edge-18","source":"solver-node-07","target":"solver-node-09","weight":0.71756497916311401,"distance":0.37335578782882212},{"id":"solver-edge-19","source":"solver-node-07","target":"solver-node-10","weight":0.47629911783087647,"distance":0.558137862708316},{"id":"solver-edge-20","source":"solver-node-07","target":"solver-node-11","weight":0.18811232041605155,"distance":0.83767579595183783},{"id":"solver-edge-21","source":"solver-node-08","target":"solver-node-09","weight":0.92003777432413925,"distance":0.18709097067541444},{"id":"solver-edge-22","source":"solver-node-08","target":"solver-node-10","weight":0.63118628044509106,"distance":0.43961890661095943},{"id":"solver-edge-23","source":"solver-node-08","target":"solver-node-11","weight":0.24316057046934886,"distance":0.77064516699724872},{"id":"solver-edge-24","source":"solver-node-09","target":"solver-node-10","weight":0.83797013320817459,"distance":0.27247859415604958},{"id":"solver-edge-25","source":"solver-node-09","target":"solver-node-11","weight":0.40220894974136101,"distance":0.61848936204909932},{"id":"solver-edge-26","source":"solver-node-10","target":"solver-node-11","weight":0.74884043286982371,"distance":0.3485345471013373}],"metadata":{"computed_by":"native C++ k-nearest metric affinities","edge_count":27}}],"coordinates":[{"id":"solver-trace-layout","dataset_id":"solver-trace-native","space_id":"solver-trace-space","name":"solver fixture coordinate layout","dimension":3,"record_positions":[{"record_id":"solver-node-00","position":[-1,0,0.099999999999999992]},{"record_id":"solver-node-01","position":[-0.81818181818181812,0.29735244960057866,0.39271405762545336]},{"record_id":"solver-node-02","position":[-0.63636363636363635,0.50029759744498514,0.867446140494611]},{"record_id":"solver-node-03","position":[-0.45454545454545459,0.54440179303451308,0.33487805945722188]},{"record_id":"solver-node-04","position":[-0.27272727272727271,0.41566226589484206,-0.32072237303598089]},{"record_id":"solver-node-05","position":[-0.090909090909090939,0.15495290626278654,-0.40222630140464366]},{"record_id":"solver-node-06","position":[0.090909090909090828,-0.15495290626278618,-0.90764377190586276]},{"record_id":"solver-node-07","position":[0.27272727272727271,-0.41566226589484201,-0.084972508815678402]},{"record_id":"solver-node-08","position":[0.45454545454545459,-0.54440179303451297,0.4436447176788394]},{"record_id":"solver-node-09","position":[0.63636363636363646,-0.50029759744498503,0.55789673581393229]},{"record_id":"solver-node-10","position":[0.81818181818181812,-0.29735244960057905,0.69556532944467853]},{"record_id":"solver-node-11","position":[1,-1.3471114790620887e-16,-0.099999999999999714]}],"metadata":{"z_channel":"observed signal","computed_by":"native fixture coordinates"}}],"timelines":[{"id":"native-laplacian-jacobi","dataset_id":"solver-trace-native","name":"Native Jacobi solver trace","space_id":"solver-trace-space","timeline_type":"solver_trace","steps":[{"id":"jacobi-step-00","index":0,"iteration":0,"t":0,"name":"Jacobi iteration 0","coordinate_id":"solver-trace-layout","graph_id":"solver-trace-metric-knn","residual":1.7681621433976475,"objective":0,"step_delta":0.98953197159353978,"solution_norm":0},{"id":"jacobi-step-01","index":1,"iteration":1,"t":1,"name":"Jacobi iteration 1","coordinate_id":"solver-trace-layout","graph_id":"solver-trace-metric-knn","residual":0.30267432861222388,"objective":-0.93723281177555473,"step_delta":0.18092292262023579,"solution_norm":0.98953197159353978},{"id":"jacobi-step-02","index":2,"iteration":2,"t":2,"name":"Jacobi iteration 2","coordinate_id":"solver-trace-layout","graph_id":"solver-trace-metric-knn","residual":0.10295226478168276,"objective":-0.97126646777204306,"step_delta":0.05754616738367848,"solution_norm":1.0739185741138662},{"id":"jacobi-step-03","index":3,"iteration":3,"t":3,"name":"Jacobi iteration 3","coordinate_id":"solver-trace-layout","graph_id":"solver-trace-metric-knn","residual":0.043049315941360904,"objective":-0.97539223334591041,"step_delta":0.024017279758484198,"solution_norm":1.1092581917273021},{"id":"jacobi-step-04","index":4,"iteration":4,"t":4,"name":"Jacobi iteration 4","coordinate_id":"solver-trace-layout","graph_id":"solver-trace-metric-knn","residual":0.018714162189120646,"objective":-0.97612939606264204,"step_delta":0.010413038010331634,"solution_norm":1.1199610863397043},{"id":"jacobi-step-05","index":5,"iteration":5,"t":5,"name":"Jacobi iteration 5","coordinate_id":"solver-trace-layout","graph_id":"solver-trace-metric-knn","residual":0.0081676992738966697,"objective":-0.97626886868688978,"step_delta":0.0045434329745502895,"solution_norm":1.1245956492210121},{"id":"jacobi-step-06","index":6,"iteration":6,"t":6,"name":"Jacobi iteration 6","coordinate_id":"solver-trace-layout","graph_id":"solver-trace-metric-knn","residual":0.0035669921744686016,"objective":-0.97629544445831018,"step_delta":0.0019839341837993765,"solution_norm":1.1265260522893481},{"id":"jacobi-step-07","index":7,"iteration":7,"t":7,"name":"Jacobi iteration 7","coordinate_id":"solver-trace-layout","graph_id":"solver-trace-metric-knn","residual":0.0015579137370297527,"objective":-0.97630051312489352,"step_delta":0.00086646288867003385,"solution_norm":1.1273728833452206},{"id":"jacobi-step-08","index":8,"iteration":8,"t":8,"name":"Jacobi iteration 8","coordinate_id":"solver-trace-layout","graph_id":"solver-trace-metric-knn","residual":0.00068043982116016062,"objective":-0.97630147999985717,"step_delta":0.00037843703304547686,"solution_norm":1.1277406071023619},{"id":"jacobi-step-09","index":9,"iteration":9,"t":9,"name":"Jacobi iteration 9","coordinate_id":"solver-trace-layout","graph_id":"solver-trace-metric-knn","residual":0.00029719563681937527,"objective":-0.97630166444417954,"step_delta":0.00016528880495702129,"solution_norm":1.1279014828422476},{"id":"jacobi-step-10","index":10,"iteration":10,"t":10,"name":"Jacobi iteration 10","coordinate_id":"solver-trace-layout","graph_id":"solver-trace-metric-knn","residual":0.00012980672930639468,"objective":-0.97630169963015256,"step_delta":7.2193594154424355e-05,"solution_norm":1.1279716868265892},{"id":"jacobi-step-11","index":11,"iteration":11,"t":11,"name":"Jacobi iteration 11","coordinate_id":"solver-trace-layout","graph_id":"solver-trace-metric-knn","residual":5.669641150024855e-05,"objective":-0.97630170634259905,"step_delta":3.1532375549426771e-05,"solution_norm":1.1280023620030493},{"id":"jacobi-step-12","index":12,"iteration":12,"t":12,"name":"Jacobi iteration 12","coordinate_id":"solver-trace-layout","graph_id":"solver-trace-metric-knn","residual":2.4763746433890819e-05,"objective":-0.97630170762315371,"step_delta":1.3772658833428988e-05,"solution_norm":1.1280157573405092},{"id":"jacobi-step-13","index":13,"iteration":13,"t":13,"name":"Jacobi iteration 13","coordinate_id":"solver-trace-layout","graph_id":"solver-trace-metric-knn","residual":1.0816324862178417e-05,"objective":-0.97630170786745218,"step_delta":6.0156317282691671e-06,"solution_norm":1.1280216083685823},{"id":"jacobi-step-14","index":14,"iteration":14,"t":14,"name":"Jacobi iteration 14","coordinate_id":"solver-trace-layout","graph_id":"solver-trace-metric-knn","residual":4.7243847399969009e-06,"objective":-0.97630170791405912,"step_delta":2.6275257144635626e-06,"solution_norm":1.1280241637315913},{"id":"jacobi-step-15","index":15,"iteration":15,"t":15,"name":"Jacobi iteration 15","coordinate_id":"solver-trace-layout","graph_id":"solver-trace-metric-knn","residual":2.0635397364491947e-06,"objective":-0.9763017079229499,"step_delta":1.1476637958317634e-06,"solution_norm":1.1280252798221584},{"id":"jacobi-step-16","index":16,"iteration":16,"t":16,"name":"Jacobi iteration 16","coordinate_id":"solver-trace-layout","graph_id":"solver-trace-metric-knn","residual":9.0132666464665471e-07,"objective":-0.97630170792464654,"step_delta":1.1476637958317634e-06,"solution_norm":1.1280257672774123}],"metadata":{"algorithm":"Jacobi","computed_by":"native C++ metric-Laplacian solve","system":"(I + lambda L) x = b","lambda":0.28000000000000003,"iterations":16,"initial_residual":1.7681621433976475,"final_residual":9.0132666464665471e-07,"residual_reduction":5.0975340016877208e-07,"objective_initial":0,"objective_final":-0.97630170792464654,"tolerance":9.9999999999999995e-07}}],"events":[{"id":"event-native-solver-summary","dataset_id":"solver-trace-native","event_type":"solver_summary","payload":{"algorithm":"Jacobi","iterations":16,"initial_residual":1.7681621433976475,"final_residual":9.0132666464665471e-07,"residual_reduction":5.0975340016877208e-07,"objective_initial":0,"objective_final":-0.97630170792464654,"residual_monotone":true,"objective_monotone":true}}],"views":[{"id":"view-native-solver-trace","kind":"solver-trace","name":"Native solver residual trace","spaceId":"solver-trace-space","timelineId":"native-laplacian-jacobi","propertyId":"jacobi-residual","tracePropertyId":"jacobi-residual"}],"diagnostics":[{"id":"check-residual-reduces","kind":"native-invariant","status":"pass","native_example_check":"residual is reduced by native Jacobi iterations","value":5.0975340016877208e-07,"comparison":"<","threshold":1},{"id":"check-objective-monotone","kind":"native-invariant","status":"pass","native_example_check":"quadratic objective is non-increasing","value":true,"expected":true}]}